shilo 1 -13.18 21.93 -10.68 18.66 -11.68 18.66
ofir 2 -13.48 17.05 -10.68 15.93 -11.68 15.93
omer 3 -13.58 13.93 -10.68 14.93 -11.58 14.93
bar 4 -13.48 11.05 -10.68 11.93 -11.68 11.93
yosi 5 -13.48 8.18 -10.58 7.3 -11.68 7.3
gal 6 -13.58 5.3 -10.58 6.18 -11.78 6.18
dani 7 -13.58 2.3 -10.58 3.18 -11.68 3.18
yael 8 -13.18 -0.45 -10.58 0.3 -11.68 0.3
adi 9 -14.18 -3.07 -10.48 -4.4 -12.78 -4.4
dan 10 -3.58 -17.07 -1.18 -9.82 -1.18 -11.07
malcom 11 12.72 -12.57 9.82 -10.82 11.12 -10.82
roei 12 12.12 -9.07 9.82 -8.45 11.12 -8.45
ran 13 12.32 -6.45 9.92 -5.57 11.12 -5.57
kaminka 14 12.42 -3.45 9.92 -2.7 11.12 -2.7
zvi 15 12.42 -0.57 9.92 -1.45 11.12 -1.45
roni 16 12.42 2.3 9.92 3.18 11.12 3.18
segev 17 12.42 5.18 9.92 6.05 11.02 6.05
meir 18 7.42 0.55 9.62 3.3 8.52 3.3
yoni 19 7.52 5.68 9.62 4.3 8.62 4.3
yavni 20 12.52 8.3 10.12 7.3 11.02 7.3
baz 21 12.62 11.3 10.02 10.3 11.22 10.3
caz 22 12.62 13.93 10.02 14.93 11.02 14.93
hemi 23 7.02 17.05 9.52 16.3 8.62 16.3
shiner 24 11.72 22.8 9.42 19.68 9.42 20.93
yavni 25 4.82 24.18 5.72 19.68 5.72 22.05
shakira 26 2.62 22.18 1.72 19.55 1.72 20.93
taylor 27 0.52 16.18 1.82 18.93 1.82 17.8
rick 28 -1.48 22.55 -0.78 19.68 -0.78 21.05
morty 29 -3.98 22.68 -3.08 19.68 -3.08 21.18
nabso 30 -6.18 22.8 -5.38 19.68 -5.38 20.93